9853
9760
9745
9613
9539
9529
9479
9475
9472
9433
9424
9313
9312
9307
9276
9214
9190
9122
9115
9097
9075
9043
9006
8996
8993
8960
8922
8910
8843
8749
8749
8740
8717
8693
8689
8670
8658
8655
8527
8436
8424
8401
8389
8369
8322
8063
8061
8061
8035
7951
7946
7722
7706
7691
7676
7649
7612
7599
7564
7484
7463
7461
7415
7334
7292
7183
7176
7092
7005
6938
6913
6906
6812
6704
6652
6571
6506
6504
6435
6419
6405
6384
6337
6311
6279
6223
6018
5985
5895
5885
5868
5785
5637
5618
5579
5565
5564
5523
5496
5491
5416
5335
5295
5222
5205
5154
5136
5077
5058
4939
4916
4857
4854
4845
4830
4780
4683
4675
4619
4601
4598
4560
4557
4437
4313
4265
4157
4148
4130
3846
3791
3773
3632
3530
3523
3422
3390
3374
3374
3219
3202
3180
3061
3020
2984
2956
2951
2807
2787
2765
2703
2691
2629
2623
2603
2571
2499
2469
2443
2433
2404
2380
2349
2335
2277
2275
2191
2084
1974
1948
1925
1895
1875
1840
1760
1716
1705
1650
1642
1625
1561
1521
1482
1456
1452
1448
1441
1387
1369
1323
1290
1269
1223
1166
1163
1141
1136
1060
1040
1022
